-815692604
-551630615
-528646781
-506264356
-1434723156
-1985487798
-559544610
-551916139
-559515751
-643182267
-607641751
-411484184
-761386263
-519669638
-531083244
-732012795
-397302091
-590537194
-1507787537
-662600927
-549412067
-1759290320
-624746129
-1160563389
-614784342
-1781106323
-577503434
-347384188
-1399504403
-524908604
-734370537
-538804100
-857003551
-644678751
-756522203
-741907427
-531913958
-1686013031
-550522805
-657776678
-572773082
-549957978
-792112187
-1180598269
-1871386798
-790227584
-876742347
